0,18.6252515,6119.85836,6574.14859,12656.95952,12336.10635,12031.21303,11776.13491,11283.32138,11309.76903,10934.94537,18304.14307,18295.62431,17508.65173,17498.37319,16550.56753,14146.56975,13849.8927,7302.534589,919.2860413,2011.67086,1793.1103,6113.540049,7622.589958,7599.736627,8118.321735,26643.20759,24730.15595,24331.53409,23528.58349,12347.57068,12047.32468,11875.77592,11631.20802,11159.85008,11204.75213,11226.14047,11283.53739,11336.8972,11327.35386,11365.6866,11472.65708,11526.40055,11571.71136,12054.36765,12014.68748,12131.93443,12108.95742,12228.54514,12275.91425,
18.6252515,0,6126.552106,6581.483558,12664.39374,12343.14036,12037.99156,11782.39094,11288.22842,11314.65405,10939.00032,18322.73968,18314.21881,17527.25398,17516.97334,16569.17263,14165.19294,13868.51304,7308.807695,919.6574478,2006.687479,1788.692644,6120.284035,7630.704359,7607.868976,8127.401999,26658.74337,24745.12247,24346.47351,23543.50626,12354.58094,12054.08387,11882.30223,11636.82222,11151.69779,11196.53363,11217.70997,11274.24592,11327.59529,11317.77142,11356.11458,11462.25502,11515.95014,11561.05561,12042.03851,12002.33971,12119.40215,12096.35421,12215.64613,12263.01966,
6119.85836,6126.552106,0,512.1557732,6548.412342,6218.767917,5911.548699,5660.064912,5230.351854,5258.243126,4963.816392,16756.98079,16736.64496,16044.33606,16021.14978,15169.6174,13341.32615,13123.61313,1193.394898,6983.084578,8125.280042,7902.708563,18.78591815,1607.21436,1588.187403,2234.895765,21952.95983,19841.42431,19438.38772,18641.19114,6229.901323,5927.590431,5756.421077,5535.137366,8294.971598,8356.614019,8451.317041,8818.076065,8866.980895,8965.237999,8993.588708,9406.104288,9470.747017,9590.936765,10702.84721,10676.83266,10859.21075,10870.86171,11107.19464,11146.25746,
6574.14859,6581.483558,512.1557732,0,6083.093871,5763.970061,5464.342893,5230.205929,4855.917721,4884.477022,4633.110692,16481.48455,16460.32509,15778.94208,15754.86135,14915.83984,13147.96309,12938.77486,842.6462802,7425.217915,8573.178101,8349.477151,509.6036946,1098.256223,1078.625876,1723.304925,21461.79253,19343.6261,18940.64366,18144.12961,5775.772724,5480.96238,5317.328104,5129.173575,8469.025072,8531.314974,8632.016786,9023.619497,9071.274002,9178.320169,9205.256682,9639.663914,9704.323815,9829.420473,10979.25809,10954.61667,11139.96857,11154.1576,11396.77308,11434.792,
12656.95952,12664.39374,6548.412342,6083.093871,0,433.6174245,782.9353071,1211.183507,2201.634633,2198.345537,2830.80575,16949.86024,16918.87125,16435.66993,16401.4179,15794.13948,14916.78826,14823.19826,5393.695288,13501.64979,14652.92455,14428.62044,6553.265067,5049.498039,5073.054185,4646.730339,17452.76024,15148.63975,14761.94273,14024.01851,437.2823985,778.7995361,1013.300924,1630.293541,10060.88638,10116.38578,10258.77978,10836.29576,10861.69075,11043.33846,11050.25709,11648.09941,11702.6987,11862.08191,13281.44059,13275.3549,13473.24298,13514.9332,13803.22456,13825.08751,
12336.10635,12343.14036,6218.767917,5763.970061,433.6174245,0,354.1644136,777.5694337,1770.759238,1768.25196,2399.669785,17147.15944,17116.67243,16618.81678,16585.07407,15959.99266,15018.01977,14915.8668,5051.057092,13188.89033,14337.08178,14113.43897,6224.417849,4753.066316,4776.946343,4389.843132,17872.52041,15571.39171,15183.96682,14443.78818,20.49432413,347.8442344,581.1201935,1200.434254,9644.549284,9700.412479,9842.515723,10418.39644,10444.3105,10625.09204,10632.41872,11228.89402,11283.8278,11442.98874,12860.59495,12854.17282,13052.20531,13093.49203,13381.49435,13403.67169,
12031.21303,12037.99156,5911.548699,5464.342893,782.9353071,354.1644136,0,438.5558255,1442.980966,1443.033989,2069.070217,17241.79881,17211.76464,16701.3368,16668.05242,16027.86881,15031.60551,14922.36801,4736.730686,12888.92472,14034.87072,13811.69809,5917.717931,4471.267651,4495.319516,4138.485536,18188.43006,15891.89685,15503.40242,14759.9936,356.1141583,20.96776757,232.9216999,880.8043529,9337.51788,9393.913624,9535.538841,10108.78271,10135.48639,10314.89642,10322.85009,10917.0844,10972.52967,11131.31477,12545.93151,12538.96983,12737.20899,12777.83995,13065.3383,13088.02283,
11776.13491,11782.39094,5660.064912,5230.205929,1211.183507,777.5694337,438.5558255,0,1004.895555,1005.586222,1630.516121,17518.97238,17489.39576,16966.6798,16933.86945,16278.6703,15225.16487,15108.13832,4473.602894,12643.14047,13784.00968,13561.88452,5667.324357,4277.324034,4301.560758,4002.757976,18625.91484,16330.09707,15941.47361,15197.56865,774.7375871,437.8121984,208.2109726,449.7086992,8903.28977,8959.875169,9101.313912,9673.606909,9700.571668,9879.520037,9887.676254,10481.18017,10536.77642,10695.44154,12109.18725,12102.09165,12300.37677,12340.84792,12628.22256,12651.02471,
11283.32138,11288.22842,5230.351854,4855.917721,2201.634633,1770.759238,1442.980966,1004.895555,0,29.84590219,629.198379,18218.36857,18189.77251,17642.31299,17610.52981,16925.12406,15753.34476,15620.04054,4040.885574,12170.48025,13294.91502,13076.08084,5240.392548,4037.379502,4061.178535,3921.081829,19630.72272,17334.87469,16946.32961,16202.41318,1765.163702,1441.079968,1212.807528,571.7997799,7902.825817,7959.723506,8100.835724,8671.575915,8698.937938,8877.18011,8885.6363,9478.075655,9533.874517,9692.371791,11105.0433,11097.81285,11296.14142,11336.45933,11623.72321,11646.62829,
11309.76903,11314.65405,5258.243126,4884.477022,2198.345537,1768.25196,1443.033989,1005.586222,29.84590219,0,633.6918183,18239.56712,18210.94239,17664.15535,17632.34383,16947.70188,15778.44003,15645.42841,4068.996484,12197.20575,13321.34149,13102.56757,5268.315803,4066.97532,4090.769875,3950.906648,19631.37708,17334.70426,16946.34672,16202.97962,1762.325483,1440.701217,1213.723639,568.0581541,7899.663405,7956.459347,8097.680784,8669.001596,8696.20467,8874.738957,8883.06743,9476.002273,9531.698466,9690.281307,11103.6307,11096.51363,11294.80455,11335.26201,11622.64045,11645.43866,
10934.94537,10939.00032,4963.816392,4633.110692,2830.80575,2399.669785,2069.070217,1630.516121,629.198379,633.6918183,0,18607.74265,18579.82424,18016.49979,17985.42678,17280.90956,16034.1239,15890.59853,3796.631966,11832.17804,12943.88695,12727.53987,4975.566909,3924.446291,3947.234807,3915.014812,20253.17511,17959.62217,17570.60943,16825.18579,2394.227793,2067.879708,1837.585583,1200.912521,7292.513527,7349.947144,7490.437005,8058.097565,8086.239292,8263.026746,8272.096324,8862.143433,8918.397644,9076.490701,10486.19159,10478.52172,10676.98215,10716.76585,11003.58752,11026.88733,
18304.14307,18322.73968,16756.98079,16481.48455,16949.86024,17147.15944,17241.79881,17518.97238,18218.36857,18239.56712,18607.74265,0,37.88911885,802.1493069,808.2599702,1760.471721,4308.940709,4626.142451,16876.12107,18369.08414,19052.7884,18911.79347,16739.87901,16065.43364,16059.1154,15560.88125,14242.15216,13801.5002,13576.1544,13080.88303,17166.5685,17258.92948,17369.00898,17887.5285,24860.3857,24923.365,25035.10803,25466.01875,25511.64031,25630.15969,25655.19157,26111.06067,26175.63492,26304.00205,27456.72377,27431.32046,27614.83395,27627.17173,27864.1711,27903.23262,
18295.62431,18314.21881,16736.64496,16460.32509,16918.87125,17116.67243,17211.76464,17489.39576,18189.77251,18210.94239,18579.82424,37.88911885,0,799.1920775,803.4334828,1755.450126,4309.302136,4626.644776,16853.57837,18362.42199,19047.9981,18906.65324,16719.55806,16042.35265,16036.07828,15536.95289,14210.14423,13766.59431,13540.8988,13045.00755,17136.07284,17228.8791,17339.23726,17858.29969,24837.34251,24900.32433,25012.17728,25443.57939,25489.16664,25607.87592,25632.87197,26089.22686,26153.79689,26282.27865,27435.99331,27410.62988,27594.23156,27606.64476,27843.83762,27882.86804,
17508.65173,17527.25398,16044.33606,15778.94208,16435.66993,16618.81678,16701.3368,16966.6798,17642.31299,17664.15535,18016.49979,802.1493069,799.1920775,0,40.17428501,959.6149194,3512.407072,3829.945749,16191.8318,17569.36028,18250.92335,18110.16835,16027.064,15389.16327,15382.20555,14897.68004,14617.51242,14057.37834,13813.91331,13283.12913,16638.44861,16718.8792,16821.71703,17326.49203,24181.32052,24244.25339,24354.40443,24778.37959,24824.4655,24940.3773,24965.89142,25415.23037,25479.85152,25606.71204,26746.95813,26721.08226,26903.53174,26914.98028,27149.70366,27189.12114,
17498.37319,17516.97334,16021.14978,15754.86135,16401.4179,16585.07407,16668.05242,16933.86945,17610.52981,17632.34383,17985.42678,808.2599702,803.4334828,40.17428501,0,952.252855,3512.765617,3830.399258,16166.29719,17561.12666,18244.75677,18103.61552,16003.89289,15363.01626,15356.10469,14870.60849,14585.29318,14021.75294,13777.86897,13246.32966,16604.69816,16685.57934,16788.7028,17294.05049,24155.51846,24218.45538,24328.72458,24753.22666,24799.27734,24915.39185,24940.86869,25390.72948,25455.34742,25582.33149,26723.64858,26697.81452,26880.36049,26891.88914,27126.82143,27166.20658,
16550.56753,16569.17263,15169.6174,14915.83984,15794.13948,15959.99266,16027.86881,16278.6703,16925.12406,16947.70188,17280.90956,1760.471721,1755.450126,959.6149194,952.252855,0,2581.126453,2898.578176,15349.32292,16609.74883,17292.56013,17151.36303,15152.16399,14556.62417,14548.92999,14080.91141,15046.62332,14347.63232,14083.74457,13513.29763,15979.85835,16045.87558,16139.89624,16627.55073,23340.47237,23403.33084,23511.66517,23927.78129,23974.3679,24087.35285,24113.39327,24555.38942,24620.04432,24745.21305,25871.56625,25845.18395,26026.44328,26036.92818,26269.1488,26308.94205,
14146.56975,14165.19294,13341.32615,13147.96309,14916.78826,15018.01977,15031.60551,15225.16487,15753.34476,15778.44003,16034.1239,4308.940709,4309.302136,3512.407072,3512.765617,2581.126453,0,317.7092614,13674.82781,14153.73971,14792.86662,14659.0855,13323.12747,12937.6843,12926.71298,12539.94006,16957.09673,15994.15324,15692.02709,15047.79185,15038.42546,15051.04294,15111.27953,15528.50903,21616.89028,21679.14072,21779.00757,22158.49705,22207.13069,22306.55628,22334.85543,22741.97745,22806.54851,22923.54763,23981.7021,23953.00722,24128.09206,24133.9715,24353.58588,24395.06395,
13849.8927,13868.51304,13123.61313,12938.77486,14823.19826,14915.8668,14922.36801,15108.13832,15620.04054,15645.42841,15890.59853,4626.142451,4626.644776,3829.945749,3830.399258,2898.578176,317.7092614,0,13477.61785,13850.24178,14483.71092,14350.87285,13105.33571,12749.15863,12737.75882,12362.74566,17195.6902,16203.74575,15897.62924,15245.85171,14936.30661,14941.95813,14997.68968,15405.05237,21406.2639,21468.40252,21567.12166,21941.68667,21990.56107,22088.18848,22116.76579,22519.20428,22583.73625,22699.63239,23748.60542,23719.62429,23893.85512,23899.14222,24117.06619,24158.74597,
7302.534589,7308.807695,1193.394898,842.6462802,5393.695288,5051.057092,4736.730686,4473.602894,4040.885574,4068.996484,3796.631966,16876.12107,16853.57837,16191.8318,16166.29719,15349.32292,13674.82781,13477.61785,0,8171.564619,9310.66619,9088.76213,1202.367673,862.1922429,860.2987997,1514.5926,21260.52161,19103.02634,18700.83023,17909.80862,5061.430371,4752.229644,4575.35771,4342.006402,7991.18991,8054.06036,8163.033571,8590.238666,8635.683803,8755.943169,8780.499166,9247.984849,9312.351238,9444.971109,10655.53223,10633.47615,10823.50156,10842.28187,11095.58703,11131.52102,
919.2860413,919.6574478,6983.084578,7425.217915,13501.64979,13188.89033,12888.92472,12643.14047,12170.48025,12197.20575,11832.17804,18369.08414,18362.42199,17569.36028,17561.12666,16609.74883,14153.73971,13850.24178,8171.564619,0,1158.725224,932.5344323,6975.914907,8456.358501,8433.138959,8928.590539,27153.82856,25281.1742,24884.50407,24083.01327,13200.80673,12905.38641,12738.09191,12508.44043,11996.5127,12039.93167,12056.53235,12092.82966,12145.88128,12128.86196,12167.4514,12250.34714,12302.55725,12341.38808,12763.21234,12722.8159,12832.29421,12806.34937,12912.95746,12960.46798,
2011.67086,2006.687479,8125.280042,8573.178101,14652.92455,14337.08178,14034.87072,13784.00968,13294.91502,13321.34149,12943.88695,19052.7884,19047.9981,18250.92335,18244.75677,17292.56013,14792.86662,14483.71092,9310.66619,1158.725224,0,226.256008,8118.559424,9610.099068,9586.964468,10086.36148,28198.01238,26350.89696,25955.52943,25155.22578,14348.80762,14051.16491,13881.67357,13642.10178,12730.82249,12770.81747,12776.94859,12769.03472,12821.23538,12789.28005,12828.21158,12864.03785,12913.10563,12939.59297,13250.8837,13209.47157,13305.1525,13274.32057,13358.58761,13406.08278,
1793.1103,1788.692644,7902.708563,8349.477151,14428.62044,14113.43897,13811.69809,13561.88452,13076.08084,13102.56757,12727.53987,18911.79347,18906.65324,18110.16835,18103.61552,17151.36303,14659.0855,14350.87285,9088.76213,932.5344323,226.256008,0,7895.8995,9385.20712,9362.053596,9860.518141,27991.37356,26139.62353,25744.01452,24943.48078,14125.20543,13828.02759,13658.99117,13421.43688,12586.15777,12626.8182,12634.93767,12635.41316,12687.79843,12658.66731,12697.55127,12742.34944,12792.03883,12820.89048,13153.45158,13112.21295,13210.5859,13180.67493,13269.26975,13316.79222,
6113.540049,6120.284035,18.78591815,509.6036946,6553.265067,6224.417849,5917.717931,5667.324357,5240.392548,5268.315803,4975.566909,16739.87901,16719.55806,16027.064,16003.89289,15152.16399,13323.12747,13105.33571,1202.367673,6975.914907,8118.559424,7895.8995,0,1606.157431,1586.955153,2231.318698,21944.99166,19834.31141,19431.26837,18633.97861,6235.600692,5933.800028,5763.116427,5543.71115,8313.507851,8375.145454,8469.807076,8836.359502,8885.275263,8983.446632,9011.811061,9424.080367,9488.721986,9608.849333,10720.18465,10694.14702,10876.47107,10888.07699,11124.2921,11163.3738,
7622.589958,7630.704359,1607.21436,1098.256223,5049.498039,4753.066316,4471.267651,4277.324034,4037.379502,4066.97532,3924.446291,16065.43364,16042.35265,15389.16327,15363.01626,14556.62417,12937.6843,12749.15863,862.1922429,8456.358501,9610.099068,9385.20712,1606.157431,0,24.25631036,676.745304,20466.71857,18326.43949,17923.77858,17129.97678,4766.205264,4489.024854,4343.058774,4232.103733,8795.009321,8857.994638,8970.309797,9410.655947,9455.227077,9579.952033,9603.654058,10081.03375,10145.23919,10279.86621,11503.79878,11482.25219,11673.0438,11692.64468,11947.64803,11983.22076,
7599.736627,7607.868976,1588.187403,1078.625876,5073.054185,4776.946343,4495.319516,4301.560758,4061.178535,4090.769875,3947.234807,16059.1154,16036.07828,15382.20555,15356.10469,14548.92999,12926.71298,12737.75882,860.2987997,8433.138959,9586.964468,9362.053596,1586.955153,24.25631036,0,687.6650616,20478.38621,18339.1642,17936.48199,17142.53176,4790.099186,4513.084441,4367.225636,4256.309257,8801.270686,8864.250646,8976.327298,9415.647079,9460.294084,9584.634258,9608.413162,10084.86225,10149.08585,10283.50562,11505.78596,11484.16158,11674.836,11694.30503,11949.02205,11984.65854,
8118.321735,8127.401999,2234.895765,1723.304925,4646.730339,4389.843132,4138.485536,4002.757976,3921.081829,3950.906648,3915.014812,15560.88125,15536.95289,14897.68004,14870.60849,14080.91141,12539.94006,12362.74566,1514.5926,8928.590539,10086.36148,9860.518141,2231.318698,676.745304,687.6650616,0,19790.85711,17653.24975,17250.5185,16456.23707,4404.840849,4157.598217,4038.831271,4026.348355,9318.345837,9381.352261,9497.752145,9955.099494,9998.377347,10129.2834,10151.72022,10643.39892,10707.28146,10844.971,12091.88933,12071.39981,12263.67909,12285.02009,12543.66311,12578.39698,
26643.20759,26658.74337,21952.95983,21461.79253,17452.76024,17872.52041,18188.43006,18625.91484,19630.72272,19631.37708,20253.17511,14242.15216,14210.14423,14617.51242,14585.29318,15046.62332,16957.09673,17195.6902,21260.52161,27153.82856,28198.01238,27991.37356,21944.99166,20466.71857,20478.38621,19790.85711,0,2352.171708,2712.812999,3428.757412,17880.64355,18191.16248,18417.92013,19067.69206,27512.29405,27567.37066,27710.07483,28288.83698,28313.93027,28496.00592,28502.76029,29100.83133,29155.45888,29314.83112,30733.07958,30726.5408,30924.63043,30965.70474,31253.46375,31275.89144,
24730.15595,24745.12247,19841.42431,19343.6261,15148.63975,15571.39171,15891.89685,16330.09707,17334.87469,17334.70426,17959.62217,13801.5002,13766.59431,14057.37834,14021.75294,14347.63232,15994.15324,16203.74575,19103.02634,25281.1742,26350.89696,26139.62353,19834.31141,18326.43949,18339.1642,17653.24975,2352.171708,0,403.1055968,1205.340073,15578.96339,15894.00801,16122.4738,16769.28427,25202.06587,25256.62271,25399.65499,25980.56777,26004.86653,26188.21468,26194.33028,26794.47141,26848.52126,27008.23817,28429.5836,28423.72956,28621.51979,28663.43389,28951.8197,28973.57123,
24331.53409,24346.47351,19438.38772,18940.64366,14761.94273,15183.96682,15503.40242,15941.47361,16946.32961,16946.34672,17570.60943,13576.1544,13540.8988,13813.91331,13777.86897,14083.74457,15692.02709,15897.62924,18700.83023,24884.50407,25955.52943,25744.01452,19431.26837,17923.77858,17936.48199,17250.5185,2712.812999,403.1055968,0,803.7561283,15191.67646,15505.6568,15733.75071,16381.29113,24817.53527,24872.24412,25015.18534,25595.50582,25620.02714,25803.02662,25809.31887,26408.91203,26463.11857,26622.74689,28043.3206,28037.29382,28235.1641,28276.86929,28565.10739,28587.02637,
23528.58349,23543.50626,18641.19114,18144.12961,14024.01851,14443.78818,14759.9936,15197.56865,16202.41318,16202.97962,16825.18579,13080.88303,13045.00755,13283.12913,13246.32966,13513.29763,15047.79185,15245.85171,17909.80862,24083.01327,25155.22578,24943.48078,18633.97861,17129.97678,17142.53176,16456.23707,3428.757412,1205.340073,803.7561283,0,14451.89829,14762.66925,14989.60573,15639.1244,24083.742,24138.86554,24281.53706,24860.14547,24885.28246,25067.29232,25074.07517,25672.07872,25726.71628,25886.08145,27304.36552,27297.85559,27495.93277,27537.04898,27824.84822,27847.23503,
12347.57068,12354.58094,6229.901323,5775.772724,437.2823985,20.49432413,356.1141583,774.7375871,1765.163702,1762.325483,2394.227793,17166.5685,17136.07284,16638.44861,16604.69816,15979.85835,15038.42546,14936.30661,5061.430371,13200.80673,14348.80762,14125.20543,6235.600692,4766.205264,4790.099186,4404.840849,17880.64355,15578.96339,15191.67646,14451.89829,0,348.6426811,580.4772211,1194.33663,9635.725256,9691.532603,9833.682253,10409.82931,10435.65913,10616.58388,10623.8433,11220.55234,11275.42931,11434.62921,12852.55377,12846.19378,13044.2004,13085.56259,13373.62091,13395.73885,
12047.32468,12054.08387,5927.590431,5480.96238,778.7995361,347.8442344,20.96776757,437.8121984,1441.079968,1440.701217,2067.879708,17258.92948,17228.8791,16718.8792,16685.57934,16045.87558,15051.04294,14941.95813,4752.229644,12905.38641,14051.16491,13828.02759,5933.800028,4489.024854,4513.084441,4157.598217,18191.16248,15894.00801,15505.6568,14762.66925,348.6426811,0,234.7563142,877.0712731,9333.443811,9389.777681,9531.461823,10105.0315,10131.63983,10311.21935,10319.09654,10913.61513,10968.99742,11127.83122,12542.84225,12535.95046,12734.16456,12774.88132,13062.44828,13085.06643,
11875.77592,11882.30223,5756.421077,5317.328104,1013.300924,581.1201935,232.9216999,208.2109726,1212.807528,1213.723639,1837.585583,17369.00898,17339.23726,16821.71703,16788.7028,16139.89624,15111.27953,14997.68968,4575.35771,12738.09191,13881.67357,13658.99117,5763.116427,4343.058774,4367.225636,4038.831271,18417.92013,16122.4738,15733.75071,14989.60573,580.4772211,234.7563142,0,656.4242905,9111.411559,9167.977261,9309.435779,9881.801675,9908.751703,10087.72325,10095.87107,10689.39069,10744.98729,10903.65228,12317.34938,12310.23693,12508.52805,12548.97608,12836.32902,12859.15165,
11631.20802,11636.82222,5535.137366,5129.173575,1630.293541,1200.434254,880.8043529,449.7086992,571.7997799,568.0581541,1200.912521,17887.5285,17858.29969,17326.49203,17294.05049,16627.55073,15528.50903,15405.05237,4342.006402,12508.44043,13642.10178,13421.43688,5543.71115,4232.103733,4256.309257,4026.348355,19067.69206,16769.28427,16381.29113,15639.1244,1194.33663,877.0712731,656.4242905,0,8456.730617,8513.148026,8654.752242,9228.024937,9254.695104,9434.179019,9442.091355,10036.54571,10091.9267,10250.76071,11665.96332,11659.14108,11857.32847,11898.14017,12185.79349,12208.32691,
11159.85008,11151.69779,8294.971598,8469.025072,10060.88638,9644.549284,9337.51788,8903.28977,7902.825817,7899.663405,7292.513527,24860.3857,24837.34251,24181.32052,24155.51846,23340.47237,21616.89028,21406.2639,7991.18991,11996.5127,12730.82249,12586.15777,8313.507851,8795.009321,8801.270686,9318.345837,27512.29405,25202.06587,24817.53527,24083.742,9635.725256,9333.443811,9111.411559,8456.730617,0,63.01502875,198.0242269,786.3059184,805.2863889,995.687154,997.2580199,1607.359485,1656.763598,1817.67632,3250.106502,3249.238435,3443.344204,3490.985795,3781.668193,3798.376215,
11204.75213,11196.53363,8356.614019,8531.314974,10116.38578,9700.412479,9393.913624,8959.875169,7959.723506,7956.459347,7349.947144,24923.365,24900.32433,24244.25339,24218.45538,23403.33084,21679.14072,21468.40252,8054.06036,12039.93167,12770.81747,12626.8182,8375.145454,8857.994638,8864.250646,9381.352261,27567.37066,25256.62271,24872.24412,24138.86554,9691.532603,9389.777681,9167.977261,8513.148026,63.01502875,0,144.2267939,737.8644472,754.2915694,946.9373258,946.9431783,1558.277626,1606.657868,1767.582175,3200.170561,3199.817161,3393.407511,3441.570273,3732.248635,3748.497048,
11226.14047,11217.70997,8451.317041,8632.016786,10258.77978,9842.515723,9535.538841,9101.313912,8100.835724,8097.680784,7490.437005,25035.10803,25012.17728,24354.40443,24328.72458,23511.66517,21779.00757,21567.12166,8163.033571,12056.53235,12776.94859,12634.93767,8469.807076,8970.309797,8976.327298,9497.752145,27710.07483,25399.65499,25015.18534,24281.53706,9833.682253,9531.461823,9309.435779,8654.752242,198.0242269,144.2267939,0,594.0541525,610.0648042,802.9626091,802.7312251,1414.164664,1462.440192,1623.363183,3055.950353,3055.629341,3249.186789,3297.381381,3588.057807,3604.277681,
11283.53739,11274.24592,8818.076065,9023.619497,10836.29576,10418.39644,10108.78271,9673.606909,8671.575915,8669.001596,8058.097565,25466.01875,25443.57939,24778.37959,24753.22666,23927.78129,22158.49705,21941.68667,8590.238666,12092.82966,12769.03472,12635.41316,8836.359502,9410.655947,9415.647079,9955.099494,28288.83698,25980.56777,25595.50582,24860.14547,10409.82931,10105.0315,9881.801675,9228.024937,786.3059184,737.8644472,594.0541525,0,53.85365941,209.3883624,214.0694588,821.0579841,871.042823,1031.861779,2463.965882,2462.943878,2657.194999,2704.688468,2995.369381,3012.189831,
11336.8972,11327.59529,8866.980895,9071.274002,10861.69075,10444.3105,10135.48639,9700.571668,8698.937938,8696.20467,8086.239292,25511.64031,25489.16664,24824.4655,24799.27734,23974.3679,22207.13069,21990.56107,8635.683803,12145.88128,12821.23538,12687.79843,8885.275263,9455.227077,9460.294084,9998.377347,28313.93027,26004.86653,25620.02714,24885.28246,10435.65913,10131.63983,9908.751703,9254.695104,805.2863889,754.2915694,610.0648042,53.85365941,0,198.1757107,193.0031145,805.0641128,852.4569997,1013.363635,2445.92742,2445.793157,2639.160145,2687.534385,2978.195602,2994.257731,
11327.35386,11317.77142,8965.237999,9178.320169,11043.33846,10625.09204,10314.89642,9879.520037,8877.18011,8874.738957,8263.026746,25630.15969,25607.87592,24940.3773,24915.39185,24087.35285,22306.55628,22088.18848,8755.943169,12128.86196,12789.28005,12658.66731,8983.446632,9579.952033,9584.634258,10129.2834,28496.00592,26188.21468,25803.02662,25067.29232,10616.58388,10311.21935,10087.72325,9434.179019,995.687154,946.9373258,802.9626091,209.3883624,198.1757107,0,39.04688325,611.6725881,661.920379,822.6595115,2254.600805,2253.556622,2447.827177,2495.301897,2785.983305,2802.813398,
11365.6866,11356.11458,8993.588708,9205.256682,11050.25709,10632.41872,10322.85009,9887.676254,8885.6363,8883.06743,8272.096324,25655.19157,25632.87197,24965.89142,24940.86869,24113.39327,22334.85543,22116.76579,8780.499166,12167.4514,12828.21158,12697.55127,9011.811061,9603.654058,9608.413162,10151.72022,28502.76029,26194.33028,25809.31887,25074.07517,10623.8433,10319.09654,10095.87107,9442.091355,997.2580199,946.9431783,802.7312251,214.0694588,193.0031145,39.04688325,0,612.0668181,659.7217859,820.6497045,2253.237453,2252.934802,2446.476077,2494.682769,2785.353355,2801.560587,
11472.65708,11462.25502,9406.104288,9639.663914,11648.09941,11228.89402,10917.0844,10481.18017,9478.075655,9476.002273,8862.143433,26111.06067,26089.22686,25415.23037,25390.72948,24555.38942,22741.97745,22519.20428,9247.984849,12250.34714,12864.03785,12742.34944,9424.080367,10081.03375,10084.86225,10643.39892,29100.83133,26794.47141,26408.91203,25672.07872,11220.55234,10913.61513,10689.39069,10036.54571,1607.359485,1558.277626,1414.164664,821.0579841,805.0641128,611.6725881,612.0668181,0,64.6707162,214.358539,1643.126891,1641.887251,1836.330306,1883.630711,2174.311401,2191.256983,
11526.40055,11515.95014,9470.747017,9704.323815,11702.6987,11283.8278,10972.52967,10536.77642,9533.874517,9531.698466,8918.397644,26175.63492,26153.79689,25479.85152,25455.34742,24620.04432,22806.54851,22583.73625,9312.351238,12302.55725,12913.10563,12792.03883,9488.721986,10145.23919,10149.08585,10707.28146,29155.45888,26848.52126,26463.11857,25726.71628,11275.42931,10968.99742,10744.98729,10091.9267,1656.763598,1606.657868,1462.440192,871.042823,852.4569997,661.920379,659.7217859,64.6707162,0,160.9293983,1593.515806,1593.391255,1786.754305,1835.119104,2125.766737,2141.840025,
11571.71136,11561.05561,9590.936765,9829.420473,11862.08191,11442.98874,11131.31477,10695.44154,9692.371791,9690.281307,9076.490701,26304.00205,26282.27865,25606.71204,25582.33149,24745.21305,22923.54763,22699.63239,9444.971109,12341.38808,12939.59297,12820.89048,9608.849333,10279.86621,10283.50562,10844.971,29314.83112,27008.23817,26622.74689,25886.08145,11434.62921,11127.83122,10903.65228,10250.76071,1817.67632,1767.582175,1623.363183,1031.861779,1013.363635,822.6595115,820.6497045,214.358539,160.9293983,0,1432.589168,1432.555948,1625.827138,1674.270732,1964.905366,1980.914873,
12054.36765,12042.03851,10702.84721,10979.25809,13281.44059,12860.59495,12545.93151,12109.18725,11105.0433,11103.6307,10486.19159,27456.72377,27435.99331,26746.95813,26723.64858,25871.56625,23981.7021,23748.60542,10655.53223,12763.21234,13250.8837,13153.45158,10720.18465,11503.79878,11505.78596,12091.88933,30733.07958,28429.5836,28043.3206,27304.36552,12852.55377,12542.84225,12317.34938,11665.96332,3250.106502,3200.170561,3055.950353,2463.965882,2445.92742,2254.600805,2253.237453,1643.126891,1593.515806,1432.589168,0,42.81654508,193.2405738,245.2843734,533.8453356,548.3306013,
12014.68748,12002.33971,10676.83266,10954.61667,13275.3549,12854.17282,12538.96983,12102.09165,11097.81285,11096.51363,10478.52172,27431.32046,27410.62988,26721.08226,26697.81452,25845.18395,23953.00722,23719.62429,10633.47615,12722.8159,13209.47157,13112.21295,10694.14702,11482.25219,11484.16158,12071.39981,30726.5408,28423.72956,28037.29382,27297.85559,12846.19378,12535.95046,12310.23693,11659.14108,3249.238435,3199.817161,3055.629341,2462.943878,2445.793157,2253.556622,2252.934802,1641.887251,1593.391255,1432.555948,42.81654508,0,198.8134767,241.7548701,532.4390363,550.4584467,
12131.93443,12119.40215,10859.21075,11139.96857,13473.24298,13052.20531,12737.20899,12300.37677,11296.14142,11294.80455,10676.98215,27614.83395,27594.23156,26903.53174,26880.36049,26026.44328,24128.09206,23893.85512,10823.50156,12832.29421,13305.1525,13210.5859,10876.47107,11673.0438,11674.836,12263.67909,30924.63043,28621.51979,28235.1641,27495.93277,13044.2004,12734.16456,12508.52805,11857.32847,3443.344204,3393.407511,3249.186789,2657.194999,2639.160145,2447.827177,2446.476077,1836.330306,1786.754305,1625.827138,193.2405738,198.8134767,0,66.60201059,341.9454652,355.1064755,
12108.95742,12096.35421,10870.86171,11154.1576,13514.9332,13093.49203,12777.83995,12340.84792,11336.45933,11335.26201,10716.76585,27627.17173,27606.64476,26914.98028,26891.88914,26036.92818,24133.9715,23899.14222,10842.28187,12806.34937,13274.32057,13180.67493,10888.07699,11692.64468,11694.30503,12285.02009,30965.70474,28663.43389,28276.86929,27537.04898,13085.56259,12774.88132,12548.97608,11898.14017,3490.985795,3441.570273,3297.381381,2704.688468,2687.534385,2495.301897,2494.682769,1883.630711,1835.119104,1674.270732,245.2843734,241.7548701,66.60201059,0,290.6848844,310.1872193,
12228.54514,12215.64613,11107.19464,11396.77308,13803.22456,13381.49435,13065.3383,12628.22256,11623.72321,11622.64045,11003.58752,27864.1711,27843.83762,27149.70366,27126.82143,26269.1488,24353.58588,24117.06619,11095.58703,12912.95746,13358.58761,13269.26975,11124.2921,11947.64803,11949.02205,12543.66311,31253.46375,28951.8197,28565.10739,27824.84822,13373.62091,13062.44828,12836.32902,12185.79349,3781.668193,3732.248635,3588.057807,2995.369381,2978.195602,2785.983305,2785.353355,2174.311401,2125.766737,1964.905366,533.8453356,532.4390363,341.9454652,290.6848844,0,47.54250923,
12275.91425,12263.01966,11146.25746,11434.792,13825.08751,13403.67169,13088.02283,12651.02471,11646.62829,11645.43866,11026.88733,27903.23262,27882.86804,27189.12114,27166.20658,26308.94205,24395.06395,24158.74597,11131.52102,12960.46798,13406.08278,13316.79222,11163.3738,11983.22076,11984.65854,12578.39698,31275.89144,28973.57123,28587.02637,27847.23503,13395.73885,13085.06643,12859.15165,12208.32691,3798.376215,3748.497048,3604.277681,3012.189831,2994.257731,2802.813398,2801.560587,2191.256983,2141.840025,1980.914873,548.3306013,550.4584467,355.1064755,310.1872193,47.54250923,0,
