10000.0,2.971498294499487,2.4525475217735058,3.952803419119561,2.2173088600026283,3.6076460129200676,3.0970667507377567,2.17399677432412,3.5223071995682607,2.1124869753259548,10000.0,10000.0,10000.0,10000.0,10000.0,10000.0,10000.0,10000.0,10000.0,10000.0,10000.0,10000.0,10000.0,10000.0,10000.0,10000.0,10000.0,10000.0,10000.0,10000.0,10000.0,10000.0,10000.0,10000.0,10000.0,10000.0,10000.0,10000.0,10000.0,10000.0,10000.0,10000.0,10000.0,10000.0,10000.0,10000.0,10000.0,10000.0,10000.0,10000.0
2.971498294499487,10000.0,3.300937050987158,2.209566270723857,2.272139040031595,3.2735575674275417,4.480556374016114,2.371405883448937,2.6697168938210436,3.882299667216768,10000.0,10000.0,10000.0,10000.0,10000.0,10000.0,10000.0,10000.0,10000.0,10000.0,10000.0,10000.0,10000.0,10000.0,10000.0,10000.0,10000.0,10000.0,10000.0,10000.0,10000.0,10000.0,10000.0,10000.0,10000.0,10000.0,10000.0,10000.0,10000.0,10000.0,10000.0,10000.0,10000.0,10000.0,10000.0,10000.0,10000.0,10000.0,10000.0,10000.0
2.4525475217735058,3.300937050987158,10000.0,4.843126827371017,3.731308845852496,3.1900414239523407,4.92876531677876,2.139748041853269,4.575405377146039,2.868827858995029,10000.0,10000.0,10000.0,10000.0,10000.0,10000.0,10000.0,10000.0,10000.0,10000.0,10000.0,10000.0,10000.0,10000.0,10000.0,10000.0,10000.0,10000.0,10000.0,10000.0,10000.0,10000.0,10000.0,10000.0,10000.0,10000.0,10000.0,10000.0,10000.0,10000.0,10000.0,10000.0,10000.0,10000.0,10000.0,10000.0,10000.0,10000.0,10000.0,10000.0
3.952803419119561,2.209566270723857,4.843126827371017,10000.0,2.4327652500723125,2.353376714235105,2.925445472305803,4.448379077360094,2.5421791397718123,3.744800490987399,10000.0,10000.0,10000.0,10000.0,10000.0,10000.0,10000.0,10000.0,10000.0,10000.0,10000.0,10000.0,10000.0,10000.0,10000.0,10000.0,10000.0,10000.0,10000.0,10000.0,10000.0,10000.0,10000.0,10000.0,10000.0,10000.0,10000.0,10000.0,10000.0,10000.0,10000.0,10000.0,10000.0,10000.0,10000.0,10000.0,10000.0,10000.0,10000.0,10000.0
2.2173088600026283,2.272139040031595,3.731308845852496,2.4327652500723125,10000.0,3.916740406778552,3.1171926281771936,3.6432333971286734,2.1883669249199693,2.1788035098986978,10000.0,10000.0,10000.0,10000.0,10000.0,10000.0,10000.0,10000.0,10000.0,10000.0,10000.0,10000.0,10000.0,10000.0,10000.0,10000.0,10000.0,10000.0,10000.0,10000.0,10000.0,10000.0,10000.0,10000.0,10000.0,10000.0,10000.0,10000.0,10000.0,10000.0,10000.0,10000.0,10000.0,10000.0,10000.0,10000.0,10000.0,10000.0,10000.0,10000.0
3.6076460129200676,3.2735575674275417,3.1900414239523407,2.353376714235105,3.916740406778552,10000.0,2.6178761384579796,4.041199919545358,3.2827769170082086,2.9424415111303746,10000.0,10000.0,10000.0,10000.0,10000.0,10000.0,10000.0,10000.0,10000.0,10000.0,10000.0,10000.0,10000.0,10000.0,10000.0,10000.0,10000.0,10000.0,10000.0,10000.0,10000.0,10000.0,10000.0,10000.0,10000.0,10000.0,10000.0,10000.0,10000.0,10000.0,10000.0,10000.0,10000.0,10000.0,10000.0,10000.0,10000.0,10000.0,10000.0,10000.0
3.0970667507377567,4.480556374016114,4.92876531677876,2.925445472305803,3.1171926281771936,2.6178761384579796,10000.0,3.756685590522916,3.359553129112326,2.899300990591047,10000.0,7.743300219933896,10000.0,10000.0,10000.0,10000.0,10000.0,10000.0,10000.0,10000.0,10000.0,10000.0,10000.0,10000.0,10000.0,10000.0,10000.0,10000.0,10000.0,10000.0,10000.0,10000.0,10000.0,10000.0,10000.0,10000.0,10000.0,10000.0,10000.0,10000.0,10000.0,10000.0,10000.0,10000.0,10000.0,10000.0,10000.0,10000.0,10000.0,10000.0
2.17399677432412,2.371405883448937,2.139748041853269,4.448379077360094,3.6432333971286734,4.041199919545358,3.756685590522916,10000.0,4.383138444567473,4.096983301188714,10000.0,10000.0,10000.0,10000.0,10000.0,10000.0,10000.0,10000.0,10000.0,10000.0,10000.0,10000.0,10000.0,10000.0,10000.0,10000.0,10000.0,10000.0,10000.0,10000.0,10000.0,10000.0,10000.0,10000.0,10000.0,10000.0,10000.0,10000.0,10000.0,10000.0,10000.0,10000.0,10000.0,10000.0,10000.0,10000.0,10000.0,10000.0,10000.0,10000.0
3.5223071995682607,2.6697168938210436,4.575405377146039,2.5421791397718123,2.1883669249199693,3.2827769170082086,3.359553129112326,4.383138444567473,10000.0,2.7322895321664586,10000.0,10000.0,10000.0,10000.0,10000.0,10000.0,10000.0,10000.0,10000.0,10000.0,10000.0,10000.0,10000.0,10000.0,10000.0,10000.0,10000.0,10000.0,10000.0,10000.0,10000.0,10000.0,10000.0,10000.0,10000.0,10000.0,10000.0,10000.0,10000.0,10000.0,10000.0,10000.0,10000.0,10000.0,10000.0,10000.0,10000.0,10000.0,10000.0,10000.0
2.1124869753259548,3.882299667216768,2.868827858995029,3.744800490987399,2.1788035098986978,2.9424415111303746,2.899300990591047,4.096983301188714,2.7322895321664586,10000.0,10000.0,10000.0,10000.0,10000.0,10000.0,10000.0,10000.0,10000.0,10000.0,10000.0,10000.0,10000.0,10000.0,10000.0,10000.0,10000.0,10000.0,10000.0,10000.0,10000.0,10000.0,10000.0,10000.0,10000.0,10000.0,10000.0,10000.0,10000.0,10000.0,10000.0,10000.0,10000.0,10000.0,10000.0,10000.0,10000.0,10000.0,10000.0,10000.0,10000.0
10000.0,10000.0,10000.0,10000.0,10000.0,10000.0,10000.0,10000.0,10000.0,10000.0,10000.0,3.723271130776013,3.5755895114343543,4.625412486720286,4.188335868317653,2.8638132946705595,4.940524542477746,2.354197334764886,3.2543684653556815,4.271422788695748,10000.0,10000.0,10000.0,10000.0,10000.0,10000.0,10000.0,10000.0,10000.0,10000.0,10000.0,10000.0,10000.0,10000.0,10000.0,10000.0,10000.0,10000.0,10000.0,10000.0,10000.0,10000.0,10000.0,10000.0,10000.0,10000.0,10000.0,10000.0,10000.0,10000.0
10000.0,10000.0,10000.0,10000.0,10000.0,10000.0,7.743300219933896,10000.0,10000.0,10000.0,3.723271130776013,10000.0,2.455953603981514,3.466889301427417,2.117621771142313,4.004647569603185,4.2937125986384395,3.719077820832152,4.626433435492665,2.9412425385442904,10000.0,10000.0,10000.0,10000.0,10000.0,10000.0,10000.0,10000.0,10000.0,10000.0,10000.0,10000.0,10000.0,10000.0,10000.0,10000.0,10000.0,10000.0,10000.0,10000.0,10000.0,10000.0,10000.0,10000.0,10000.0,10000.0,10000.0,10000.0,10000.0,10000.0
10000.0,10000.0,10000.0,10000.0,10000.0,10000.0,10000.0,10000.0,10000.0,10000.0,3.5755895114343543,2.455953603981514,10000.0,4.085886098820978,3.7831096313150554,3.7396856128474765,3.368615993904239,4.519903341537624,4.834043285323812,3.4222950122589335,10000.0,10000.0,10000.0,10000.0,10000.0,10000.0,10000.0,10000.0,10000.0,10000.0,10000.0,10000.0,10000.0,10000.0,10000.0,10000.0,10000.0,10000.0,10000.0,10000.0,10000.0,10000.0,10000.0,10000.0,10000.0,10000.0,10000.0,10000.0,10000.0,10000.0
10000.0,10000.0,10000.0,10000.0,10000.0,10000.0,10000.0,10000.0,10000.0,10000.0,4.625412486720286,3.466889301427417,4.085886098820978,10000.0,3.9924566164240236,2.182008282791659,4.104476063913271,3.9413865635830065,4.979287818399902,4.465774359829145,10000.0,10000.0,10000.0,10000.0,10000.0,10000.0,10000.0,10000.0,10000.0,10000.0,10000.0,10000.0,10000.0,10000.0,10000.0,10000.0,10000.0,10000.0,10000.0,10000.0,10000.0,10000.0,10000.0,10000.0,10000.0,10000.0,10000.0,10000.0,10000.0,10000.0
10000.0,10000.0,10000.0,10000.0,10000.0,10000.0,10000.0,10000.0,10000.0,10000.0,4.188335868317653,2.117621771142313,3.7831096313150554,3.9924566164240236,10000.0,2.853786596282448,3.1573743273401327,4.0059581476525645,2.0676887841667657,3.3850858588992976,10000.0,10000.0,10000.0,10000.0,10000.0,10000.0,10000.0,10000.0,10000.0,10000.0,10000.0,10000.0,10000.0,10000.0,10000.0,10000.0,10000.0,10000.0,10000.0,10000.0,10000.0,10000.0,10000.0,10000.0,10000.0,10000.0,10000.0,10000.0,10000.0,10000.0
10000.0,10000.0,10000.0,10000.0,10000.0,10000.0,10000.0,10000.0,10000.0,10000.0,2.8638132946705595,4.004647569603185,3.7396856128474765,2.182008282791659,2.853786596282448,10000.0,2.5041451367196337,2.3512873834451957,2.176863257993931,4.304698965417562,10000.0,10000.0,10000.0,10000.0,10000.0,10000.0,10000.0,10000.0,10000.0,10000.0,10000.0,10000.0,10000.0,10000.0,10000.0,10000.0,10000.0,10000.0,10000.0,10000.0,10000.0,10000.0,10000.0,10000.0,10000.0,10000.0,10000.0,10000.0,10000.0,10000.0
10000.0,10000.0,10000.0,10000.0,10000.0,10000.0,10000.0,10000.0,10000.0,10000.0,4.940524542477746,4.2937125986384395,3.368615993904239,4.104476063913271,3.1573743273401327,2.5041451367196337,10000.0,2.3880206660560526,2.742844501090743,3.172849109399681,10000.0,5.654919260047252,10000.0,10000.0,10000.0,10000.0,10000.0,10000.0,10000.0,10000.0,10000.0,10000.0,10000.0,10000.0,10000.0,10000.0,10000.0,10000.0,10000.0,10000.0,10000.0,10000.0,10000.0,10000.0,10000.0,10000.0,10000.0,10000.0,10000.0,10000.0
10000.0,10000.0,10000.0,10000.0,10000.0,10000.0,10000.0,10000.0,10000.0,10000.0,2.354197334764886,3.719077820832152,4.519903341537624,3.9413865635830065,4.0059581476525645,2.3512873834451957,2.3880206660560526,10000.0,4.614265922378898,2.241743903600416,10000.0,10000.0,10000.0,10000.0,10000.0,10000.0,10000.0,10000.0,10000.0,10000.0,10000.0,10000.0,10000.0,10000.0,10000.0,10000.0,10000.0,10000.0,10000.0,10000.0,10000.0,10000.0,10000.0,10000.0,10000.0,10000.0,10000.0,10000.0,10000.0,10000.0
10000.0,10000.0,10000.0,10000.0,10000.0,10000.0,10000.0,10000.0,10000.0,10000.0,3.2543684653556815,4.626433435492665,4.834043285323812,4.979287818399902,2.0676887841667657,2.176863257993931,2.742844501090743,4.614265922378898,10000.0,3.347562202847993,10000.0,10000.0,10000.0,10000.0,10000.0,10000.0,10000.0,10000.0,10000.0,10000.0,10000.0,10000.0,10000.0,10000.0,10000.0,10000.0,10000.0,10000.0,10000.0,10000.0,10000.0,10000.0,10000.0,10000.0,10000.0,10000.0,10000.0,10000.0,10000.0,10000.0
10000.0,10000.0,10000.0,10000.0,10000.0,10000.0,10000.0,10000.0,10000.0,10000.0,4.271422788695748,2.9412425385442904,3.4222950122589335,4.465774359829145,3.3850858588992976,4.304698965417562,3.172849109399681,2.241743903600416,3.347562202847993,10000.0,10000.0,10000.0,10000.0,10000.0,10000.0,10000.0,10000.0,10000.0,10000.0,10000.0,10000.0,10000.0,10000.0,10000.0,10000.0,10000.0,10000.0,10000.0,10000.0,10000.0,10000.0,10000.0,10000.0,10000.0,10000.0,10000.0,10000.0,10000.0,10000.0,10000.0
10000.0,10000.0,10000.0,10000.0,10000.0,10000.0,10000.0,10000.0,10000.0,10000.0,10000.0,10000.0,10000.0,10000.0,10000.0,10000.0,10000.0,10000.0,10000.0,10000.0,10000.0,3.648319727432112,4.6501514793245375,4.457839513507224,4.591953409095545,2.8352631935416914,3.245889551635096,3.0763134959948744,4.6525784815946505,4.873193611891974,10000.0,10000.0,10000.0,10000.0,10000.0,10000.0,10000.0,10000.0,10000.0,10000.0,10000.0,10000.0,10000.0,10000.0,10000.0,10000.0,10000.0,10000.0,10000.0,10000.0
10000.0,10000.0,10000.0,10000.0,10000.0,10000.0,10000.0,10000.0,10000.0,10000.0,10000.0,10000.0,10000.0,10000.0,10000.0,10000.0,5.654919260047252,10000.0,10000.0,10000.0,3.648319727432112,10000.0,2.452762717373327,2.5286531854711107,2.6958706004586075,2.7000082510425836,3.45488819102407,3.767370511196767,2.788239857895614,2.012280810155192,10000.0,10000.0,10000.0,10000.0,10000.0,10000.0,10000.0,10000.0,10000.0,10000.0,10000.0,10000.0,10000.0,10000.0,10000.0,10000.0,10000.0,10000.0,10000.0,10000.0
10000.0,10000.0,10000.0,10000.0,10000.0,10000.0,10000.0,10000.0,10000.0,10000.0,10000.0,10000.0,10000.0,10000.0,10000.0,10000.0,10000.0,10000.0,10000.0,10000.0,4.6501514793245375,2.452762717373327,10000.0,3.256839503375984,3.107760718684176,3.6990236711191757,4.859293776575286,4.071480971407934,3.5464742992123353,3.852778248227383,10000.0,10000.0,10000.0,10000.0,10000.0,10000.0,10000.0,10000.0,10000.0,10000.0,10000.0,10000.0,10000.0,10000.0,10000.0,10000.0,10000.0,10000.0,10000.0,10000.0
10000.0,10000.0,10000.0,10000.0,10000.0,10000.0,10000.0,10000.0,10000.0,10000.0,10000.0,10000.0,10000.0,10000.0,10000.0,10000.0,10000.0,10000.0,10000.0,10000.0,4.457839513507224,2.5286531854711107,3.256839503375984,10000.0,4.028600247348504,2.1619786796713707,4.698599030173856,4.339908472118219,4.62353955240343,4.393619363589698,10000.0,10000.0,10000.0,10000.0,10000.0,10000.0,10000.0,10000.0,10000.0,10000.0,10000.0,10000.0,10000.0,10000.0,10000.0,10000.0,10000.0,10000.0,10000.0,10000.0
10000.0,10000.0,10000.0,10000.0,10000.0,10000.0,10000.0,10000.0,10000.0,10000.0,10000.0,10000.0,10000.0,10000.0,10000.0,10000.0,10000.0,10000.0,10000.0,10000.0,4.591953409095545,2.6958706004586075,3.107760718684176,4.028600247348504,10000.0,3.177136720673806,3.196936496960819,2.310611281130973,3.9028686970571274,2.186743464856063,10000.0,10000.0,10000.0,10000.0,10000.0,10000.0,10000.0,10000.0,10000.0,10000.0,10000.0,10000.0,10000.0,10000.0,10000.0,10000.0,10000.0,10000.0,10000.0,10000.0
10000.0,10000.0,10000.0,10000.0,10000.0,10000.0,10000.0,10000.0,10000.0,10000.0,10000.0,10000.0,10000.0,10000.0,10000.0,10000.0,10000.0,10000.0,10000.0,10000.0,2.8352631935416914,2.7000082510425836,3.6990236711191757,2.1619786796713707,3.177136720673806,10000.0,2.2020428475290745,2.6262895563384934,2.486909563316292,3.02016095669703,10000.0,10000.0,10000.0,10000.0,10000.0,10000.0,10000.0,10000.0,10000.0,10000.0,10000.0,10000.0,10000.0,10000.0,10000.0,10000.0,10000.0,10000.0,10000.0,10000.0
10000.0,10000.0,10000.0,10000.0,10000.0,10000.0,10000.0,10000.0,10000.0,10000.0,10000.0,10000.0,10000.0,10000.0,10000.0,10000.0,10000.0,10000.0,10000.0,10000.0,3.245889551635096,3.45488819102407,4.859293776575286,4.698599030173856,3.196936496960819,2.2020428475290745,10000.0,2.157726811670801,2.00069984570407,2.4537947968382836,10000.0,5.071214690780527,10000.0,10000.0,10000.0,10000.0,10000.0,10000.0,10000.0,10000.0,10000.0,10000.0,10000.0,10000.0,10000.0,10000.0,10000.0,10000.0,10000.0,10000.0
10000.0,10000.0,10000.0,10000.0,10000.0,10000.0,10000.0,10000.0,10000.0,10000.0,10000.0,10000.0,10000.0,10000.0,10000.0,10000.0,10000.0,10000.0,10000.0,10000.0,3.0763134959948744,3.767370511196767,4.071480971407934,4.339908472118219,2.310611281130973,2.6262895563384934,2.157726811670801,10000.0,2.3043931040677896,3.090829766103713,10000.0,10000.0,10000.0,10000.0,10000.0,10000.0,10000.0,10000.0,10000.0,10000.0,10000.0,10000.0,10000.0,10000.0,10000.0,10000.0,10000.0,10000.0,10000.0,10000.0
10000.0,10000.0,10000.0,10000.0,10000.0,10000.0,10000.0,10000.0,10000.0,10000.0,10000.0,10000.0,10000.0,10000.0,10000.0,10000.0,10000.0,10000.0,10000.0,10000.0,4.6525784815946505,2.788239857895614,3.5464742992123353,4.62353955240343,3.9028686970571274,2.486909563316292,2.00069984570407,2.3043931040677896,10000.0,2.076502659998437,10000.0,10000.0,10000.0,10000.0,10000.0,10000.0,10000.0,10000.0,10000.0,10000.0,10000.0,10000.0,10000.0,10000.0,10000.0,10000.0,10000.0,10000.0,10000.0,10000.0
10000.0,10000.0,10000.0,10000.0,10000.0,10000.0,10000.0,10000.0,10000.0,10000.0,10000.0,10000.0,10000.0,10000.0,10000.0,10000.0,10000.0,10000.0,10000.0,10000.0,4.873193611891974,2.012280810155192,3.852778248227383,4.393619363589698,2.186743464856063,3.02016095669703,2.4537947968382836,3.090829766103713,2.076502659998437,10000.0,10000.0,10000.0,10000.0,10000.0,10000.0,10000.0,10000.0,10000.0,10000.0,10000.0,10000.0,10000.0,10000.0,10000.0,10000.0,10000.0,10000.0,10000.0,10000.0,10000.0
10000.0,10000.0,10000.0,10000.0,10000.0,10000.0,10000.0,10000.0,10000.0,10000.0,10000.0,10000.0,10000.0,10000.0,10000.0,10000.0,10000.0,10000.0,10000.0,10000.0,10000.0,10000.0,10000.0,10000.0,10000.0,10000.0,10000.0,10000.0,10000.0,10000.0,10000.0,4.6229971321214585,3.8422069633654363,2.4456514559926745,2.756773269671232,3.0421686381611046,3.092490318584847,2.3685266922865846,4.546810779453844,4.9793081651141415,10000.0,10000.0,10000.0,10000.0,10000.0,10000.0,10000.0,10000.0,10000.0,10000.0
10000.0,10000.0,10000.0,10000.0,10000.0,10000.0,10000.0,10000.0,10000.0,10000.0,10000.0,10000.0,10000.0,10000.0,10000.0,10000.0,10000.0,10000.0,10000.0,10000.0,10000.0,10000.0,10000.0,10000.0,10000.0,10000.0,5.071214690780527,10000.0,10000.0,10000.0,4.6229971321214585,10000.0,3.3979683774798013,3.451503969248808,2.257653984668497,2.3065628502445055,3.0279075147290055,2.79427067515154,4.486566134364681,2.4843158315792944,10000.0,10000.0,10000.0,10000.0,10000.0,10000.0,10000.0,10000.0,10000.0,10000.0
10000.0,10000.0,10000.0,10000.0,10000.0,10000.0,10000.0,10000.0,10000.0,10000.0,10000.0,10000.0,10000.0,10000.0,10000.0,10000.0,10000.0,10000.0,10000.0,10000.0,10000.0,10000.0,10000.0,10000.0,10000.0,10000.0,10000.0,10000.0,10000.0,10000.0,3.8422069633654363,3.3979683774798013,10000.0,2.0692871631357446,4.852956718624107,3.5847721851263743,2.439807616697272,3.629517277646343,2.0811274742665056,3.5843283228149194,10000.0,10000.0,10000.0,10000.0,10000.0,10000.0,10000.0,10000.0,10000.0,10000.0
10000.0,10000.0,10000.0,10000.0,10000.0,10000.0,10000.0,10000.0,10000.0,10000.0,10000.0,10000.0,10000.0,10000.0,10000.0,10000.0,10000.0,10000.0,10000.0,10000.0,10000.0,10000.0,10000.0,10000.0,10000.0,10000.0,10000.0,10000.0,10000.0,10000.0,2.4456514559926745,3.451503969248808,2.0692871631357446,10000.0,4.9355037281569185,4.5899750908690065,4.0885903577234055,2.783345591688086,3.1000993752835364,2.501126103603009,10000.0,10000.0,10000.0,10000.0,10000.0,10000.0,10000.0,10000.0,10000.0,10000.0
10000.0,10000.0,10000.0,10000.0,10000.0,10000.0,10000.0,10000.0,10000.0,10000.0,10000.0,10000.0,10000.0,10000.0,10000.0,10000.0,10000.0,10000.0,10000.0,10000.0,10000.0,10000.0,10000.0,10000.0,10000.0,10000.0,10000.0,10000.0,10000.0,10000.0,2.756773269671232,2.257653984668497,4.852956718624107,4.9355037281569185,10000.0,4.315813725206094,3.5977771924786373,4.337164674014532,2.988994985143287,2.6691250193095555,10000.0,10000.0,10000.0,10000.0,10000.0,10000.0,10000.0,10000.0,10000.0,10000.0
10000.0,10000.0,10000.0,10000.0,10000.0,10000.0,10000.0,10000.0,10000.0,10000.0,10000.0,10000.0,10000.0,10000.0,10000.0,10000.0,10000.0,10000.0,10000.0,10000.0,10000.0,10000.0,10000.0,10000.0,10000.0,10000.0,10000.0,10000.0,10000.0,10000.0,3.0421686381611046,2.3065628502445055,3.5847721851263743,4.5899750908690065,4.315813725206094,10000.0,4.434533740320785,4.954778151772672,4.557886396239981,4.418235754357003,10000.0,10000.0,10000.0,10000.0,10000.0,10000.0,10000.0,10000.0,10000.0,10000.0
10000.0,10000.0,10000.0,10000.0,10000.0,10000.0,10000.0,10000.0,10000.0,10000.0,10000.0,10000.0,10000.0,10000.0,10000.0,10000.0,10000.0,10000.0,10000.0,10000.0,10000.0,10000.0,10000.0,10000.0,10000.0,10000.0,10000.0,10000.0,10000.0,10000.0,3.092490318584847,3.0279075147290055,2.439807616697272,4.0885903577234055,3.5977771924786373,4.434533740320785,10000.0,4.45499882997612,4.219619061127142,2.6802184700947547,10000.0,9.854450886188822,10000.0,10000.0,10000.0,10000.0,10000.0,10000.0,10000.0,10000.0
10000.0,10000.0,10000.0,10000.0,10000.0,10000.0,10000.0,10000.0,10000.0,10000.0,10000.0,10000.0,10000.0,10000.0,10000.0,10000.0,10000.0,10000.0,10000.0,10000.0,10000.0,10000.0,10000.0,10000.0,10000.0,10000.0,10000.0,10000.0,10000.0,10000.0,2.3685266922865846,2.79427067515154,3.629517277646343,2.783345591688086,4.337164674014532,4.954778151772672,4.45499882997612,10000.0,3.5529161727305167,3.0666876300648744,10000.0,10000.0,10000.0,10000.0,10000.0,10000.0,10000.0,10000.0,10000.0,10000.0
10000.0,10000.0,10000.0,10000.0,10000.0,10000.0,10000.0,10000.0,10000.0,10000.0,10000.0,10000.0,10000.0,10000.0,10000.0,10000.0,10000.0,10000.0,10000.0,10000.0,10000.0,10000.0,10000.0,10000.0,10000.0,10000.0,10000.0,10000.0,10000.0,10000.0,4.546810779453844,4.486566134364681,2.0811274742665056,3.1000993752835364,2.988994985143287,4.557886396239981,4.219619061127142,3.5529161727305167,10000.0,2.086940452224096,10000.0,10000.0,10000.0,10000.0,10000.0,10000.0,10000.0,10000.0,10000.0,10000.0
10000.0,10000.0,10000.0,10000.0,10000.0,10000.0,10000.0,10000.0,10000.0,10000.0,10000.0,10000.0,10000.0,10000.0,10000.0,10000.0,10000.0,10000.0,10000.0,10000.0,10000.0,10000.0,10000.0,10000.0,10000.0,10000.0,10000.0,10000.0,10000.0,10000.0,4.9793081651141415,2.4843158315792944,3.5843283228149194,2.501126103603009,2.6691250193095555,4.418235754357003,2.6802184700947547,3.0666876300648744,2.086940452224096,10000.0,10000.0,10000.0,10000.0,10000.0,10000.0,10000.0,10000.0,10000.0,10000.0,10000.0
10000.0,10000.0,10000.0,10000.0,10000.0,10000.0,10000.0,10000.0,10000.0,10000.0,10000.0,10000.0,10000.0,10000.0,10000.0,10000.0,10000.0,10000.0,10000.0,10000.0,10000.0,10000.0,10000.0,10000.0,10000.0,10000.0,10000.0,10000.0,10000.0,10000.0,10000.0,10000.0,10000.0,10000.0,10000.0,10000.0,10000.0,10000.0,10000.0,10000.0,10000.0,2.083811226266193,2.838255617147089,2.7775230898032697,4.07756582510037,4.8695452290240135,3.3416830333001704,4.811063603828726,4.96411417460858,4.865001893963999
10000.0,10000.0,10000.0,10000.0,10000.0,10000.0,10000.0,10000.0,10000.0,10000.0,10000.0,10000.0,10000.0,10000.0,10000.0,10000.0,10000.0,10000.0,10000.0,10000.0,10000.0,10000.0,10000.0,10000.0,10000.0,10000.0,10000.0,10000.0,10000.0,10000.0,10000.0,10000.0,10000.0,10000.0,10000.0,10000.0,9.854450886188822,10000.0,10000.0,10000.0,2.083811226266193,10000.0,3.093907656085598,2.6613869689887126,2.680537480192184,2.590118490257952,2.6131200898286693,3.8721991923134547,4.700925013652343,4.5213065818378695
10000.0,10000.0,10000.0,10000.0,10000.0,10000.0,10000.0,10000.0,10000.0,10000.0,10000.0,10000.0,10000.0,10000.0,10000.0,10000.0,10000.0,10000.0,10000.0,10000.0,10000.0,10000.0,10000.0,10000.0,10000.0,10000.0,10000.0,10000.0,10000.0,10000.0,10000.0,10000.0,10000.0,10000.0,10000.0,10000.0,10000.0,10000.0,10000.0,10000.0,2.838255617147089,3.093907656085598,10000.0,3.4384202787846148,3.958934128523027,4.39893123454898,2.2543354593511404,3.9817569506146824,4.729331412655169,4.34690865229427
10000.0,10000.0,10000.0,10000.0,10000.0,10000.0,10000.0,10000.0,10000.0,10000.0,10000.0,10000.0,10000.0,10000.0,10000.0,10000.0,10000.0,10000.0,10000.0,10000.0,10000.0,10000.0,10000.0,10000.0,10000.0,10000.0,10000.0,10000.0,10000.0,10000.0,10000.0,10000.0,10000.0,10000.0,10000.0,10000.0,10000.0,10000.0,10000.0,10000.0,2.7775230898032697,2.6613869689887126,3.4384202787846148,10000.0,4.250421379491375,3.4340982337820005,2.535565155012721,4.36740629306083,2.9975515995938298,4.402470706690073
10000.0,10000.0,10000.0,10000.0,10000.0,10000.0,10000.0,10000.0,10000.0,10000.0,10000.0,10000.0,10000.0,10000.0,10000.0,10000.0,10000.0,10000.0,10000.0,10000.0,10000.0,10000.0,10000.0,10000.0,10000.0,10000.0,10000.0,10000.0,10000.0,10000.0,10000.0,10000.0,10000.0,10000.0,10000.0,10000.0,10000.0,10000.0,10000.0,10000.0,4.07756582510037,2.680537480192184,3.958934128523027,4.250421379491375,10000.0,4.914971866946475,3.1875154852083445,3.2041604536031043,4.840391019394679,4.174395996902646
10000.0,10000.0,10000.0,10000.0,10000.0,10000.0,10000.0,10000.0,10000.0,10000.0,10000.0,10000.0,10000.0,10000.0,10000.0,10000.0,10000.0,10000.0,10000.0,10000.0,10000.0,10000.0,10000.0,10000.0,10000.0,10000.0,10000.0,10000.0,10000.0,10000.0,10000.0,10000.0,10000.0,10000.0,10000.0,10000.0,10000.0,10000.0,10000.0,10000.0,4.8695452290240135,2.590118490257952,4.39893123454898,3.4340982337820005,4.914971866946475,10000.0,2.5100109799156867,2.381115101893593,2.453452101144469,4.714556287199718
10000.0,10000.0,10000.0,10000.0,10000.0,10000.0,10000.0,10000.0,10000.0,10000.0,10000.0,10000.0,10000.0,10000.0,10000.0,10000.0,10000.0,10000.0,10000.0,10000.0,10000.0,10000.0,10000.0,10000.0,10000.0,10000.0,10000.0,10000.0,10000.0,10000.0,10000.0,10000.0,10000.0,10000.0,10000.0,10000.0,10000.0,10000.0,10000.0,10000.0,3.3416830333001704,2.6131200898286693,2.2543354593511404,2.535565155012721,3.1875154852083445,2.5100109799156867,10000.0,4.419505946096589,2.4385229262316224,4.4795314355761615
10000.0,10000.0,10000.0,10000.0,10000.0,10000.0,10000.0,10000.0,10000.0,10000.0,10000.0,10000.0,10000.0,10000.0,10000.0,10000.0,10000.0,10000.0,10000.0,10000.0,10000.0,10000.0,10000.0,10000.0,10000.0,10000.0,10000.0,10000.0,10000.0,10000.0,10000.0,10000.0,10000.0,10000.0,10000.0,10000.0,10000.0,10000.0,10000.0,10000.0,4.811063603828726,3.8721991923134547,3.9817569506146824,4.36740629306083,3.2041604536031043,2.381115101893593,4.419505946096589,10000.0,4.940917830341092,3.9718048782080597
10000.0,10000.0,10000.0,10000.0,10000.0,10000.0,10000.0,10000.0,10000.0,10000.0,10000.0,10000.0,10000.0,10000.0,10000.0,10000.0,10000.0,10000.0,10000.0,10000.0,10000.0,10000.0,10000.0,10000.0,10000.0,10000.0,10000.0,10000.0,10000.0,10000.0,10000.0,10000.0,10000.0,10000.0,10000.0,10000.0,10000.0,10000.0,10000.0,10000.0,4.96411417460858,4.700925013652343,4.729331412655169,2.9975515995938298,4.840391019394679,2.453452101144469,2.4385229262316224,4.940917830341092,10000.0,3.0512225364725087
10000.0,10000.0,10000.0,10000.0,10000.0,10000.0,10000.0,10000.0,10000.0,10000.0,10000.0,10000.0,10000.0,10000.0,10000.0,10000.0,10000.0,10000.0,10000.0,10000.0,10000.0,10000.0,10000.0,10000.0,10000.0,10000.0,10000.0,10000.0,10000.0,10000.0,10000.0,10000.0,10000.0,10000.0,10000.0,10000.0,10000.0,10000.0,10000.0,10000.0,4.865001893963999,4.5213065818378695,4.34690865229427,4.402470706690073,4.174395996902646,4.714556287199718,4.4795314355761615,3.9718048782080597,3.0512225364725087,10000.0
